0
.1674957275390625
.3149871826171875
.425506591796875
.4876556396484375
.497344970703125
.458038330078125
.380096435546875
.278656005859375
.171173095703125
.074310302734375
.00140380859375
-.0396881103515625
-.0474700927734375
-.0266265869140625
.0131988525390625
.05963134765625
.099945068359375
.123626708984375
.12432861328125
.100921630859375
.0576019287109375
.0028228759765625
-.0525360107421875
-.0974273681640625
-.1230926513671875
-.124847412109375
-.103271484375
-.0641937255859375
-.0178375244140625
.02325439453125
.0465087890625
.0418853759765625
.004150390625
-.065826416015625
-.1608123779296875
-.2679443359375
-.370758056640625
-.451812744140625
-.49554443359375
-.4910430908203125
-.43408203125
-.3280029296875
-.1835174560546875
-.017120361328125
.1513214111328125
.301666259765625
.4164886474609375
.483795166015625
.4986724853515625
.4639434814453125
.3892059326171875
.2893524169921875
.1816864013671875
.083099365234375
.0073394775390625
-.037109375
-.048095703125
-.0297698974609375
.008697509765625
.0550689697265625
.096527099609375
.1222381591796875
.1253662109375
.1042633056640625
.0626220703125
.0084991455078125
-.0472869873046875
-.09368896484375
-.1215667724609375
-.1257781982421875
-.1063385009765625
-.0686187744140625
-.022430419921875
.0197601318359375
.0453033447265625
.043792724609375
.0094451904296875
-.0575408935546875
-.1505126953125
-.2571258544921875
-.361175537109375
-.4451751708984375
-.4932098388671875
-.4938507080078125
-.4420928955078125
-.340576171875
-.1992645263671875
-.0341949462890625
.1349639892578125
.2879791259765625
.4069976806640625
.4794158935546875
.499542236328125
.46942138671875
.3980865478515625
.29998779296875
.1923065185546875
.0921173095703125
.01361083984375
-.0341796875
-.048431396484375
-.032684326171875
.0042877197265625
.050445556640625
.092926025390625
.12060546875
.12615966796875
.107391357421875
.0675048828125
.014190673828125
-.041961669921875
-.0897674560546875
-.11981201171875
-.12646484375
-.1092376708984375
-.0729827880859375
-.027099609375
.0160675048828125
.0438079833984375
.0453643798828125
.0143890380859375
-.0495147705078125
-.1403656005859375
-.2462921142578125
-.351409912109375
-.4381561279296875
-.4904022216796875
-.496124267578125
-.4496307373046875
-.35272216796875
-.2147674560546875
-.051239013671875
.1184539794921875
.2739410400390625
.3970489501953125
.4744873046875
.4998931884765625
.4744873046875
.4066925048828125
.3105316162109375
.2030181884765625
.10137939453125
.020172119140625
-.030914306640625
-.0484771728515625
-.035400390625
-.0000457763671875
.045806884765625
.08917236328125
.1187591552734375
.1266937255859375
.110321044921875
.072265625
.01983642578125
-.0365447998046875
-.085662841796875
-.1177978515625
-.126922607421875
-.1119384765625
-.07720947265625
-.0317840576171875
.0122528076171875
.0420684814453125
.046600341796875
.019012451171875
-.0417633056640625
-.1303558349609375
-.2354736328125
-.3414306640625
-.4308013916015625
-.4871063232421875
-.49786376953125
-.4566192626953125
-.3644866943359375
-.230010986328125
-.0681915283203125
.1017913818359375
.25958251953125
.3866119384765625
.4690399169921875
.4997100830078125
.479095458984375
.415008544921875
.320953369140625
.213775634765625
.1108245849609375
.0270538330078125
-.0272979736328125
-.048187255859375
-.0378875732421875
-.004241943359375
.041107177734375
.0853118896484375
.116668701171875
.12701416015625
.113006591796875
.076873779296875
.0254364013671875
-.03106689453125
-.0813751220703125
-.11553955078125
-.127105712890625
-.11444091796875
-.0813446044921875
-.0364837646484375
.0082855224609375
.040069580078125
.04754638671875
.0233001708984375
-.0342864990234375
-.12054443359375
-.2246246337890625
-.3312835693359375
-.4230804443359375
-.4833526611328125
-.4990692138671875
-.4631195068359375
-.37579345703125
-.244964599609375
-.0850677490234375
.0850067138671875
.2449188232421875
.3757476806640625
.46307373046875
.4990234375
.483306884765625
.42303466796875
.33123779296875
.2245635986328125
.1204681396484375
.03424072265625
-.0233612060546875
-.0475921630859375
-.0401153564453125
-.0083465576171875
.036407470703125
.081298828125
.1143646240234375
.1270599365234375
.1154937744140625
.0813140869140625
.0309906005859375
-.0254974365234375
-.0769195556640625
-.1130828857421875
-.1270599365234375
-.116729736328125
-.0853729248046875
-.0411529541015625
.004180908203125
.0378265380859375
.048126220703125
.027252197265625
-.0271148681640625
-.1108856201171875
-.2138214111328125
-.3209991455078125
-.415069580078125
-.47918701171875
-.4997711181640625
-.469085693359375
-.3866729736328125
-.2596435546875
-.10186767578125
.0681304931640625
.229949951171875
.3644256591796875
.456573486328125
.4977874755859375
.487060546875
.4307403564453125
.34136962890625
.235382080078125
.13031005859375
.0417022705078125
-.019073486328125
-.046661376953125
-.0421295166015625
-.0123291015625
.03173828125
.0771484375
.1118927001953125
.1268463134765625
.11773681640625
.0855865478515625
.0364837646484375
-.0198974609375
-.0723114013671875
-.1103668212890625
-.1267547607421875
-.118804931640625
-.089263916015625
-.0458526611328125
-.0000457763671875
.03533935546875
.04840087890625
.0308685302734375
-.0202484130859375
-.1014404296875
-.20306396484375
-.310577392578125
-.40673828125
-.4745330810546875
-.49993896484375
-.4745330810546875
-.3970947265625
-.27398681640625
-.1185302734375
.0511474609375
.214691162109375
.3526763916015625
.449554443359375
.496063232421875
.4903411865234375
.4380950927734375
.3513336181640625
.246246337890625
.14031982421875
.049468994140625
-.01446533203125
-.04541015625
-.0438690185546875
-.0161590576171875
.02703857421875
.0729217529296875
.1091766357421875
.1264190673828125
.1197357177734375
.0897064208984375
.041900634765625
-.0142364501953125
-.06756591796875
-.1074676513671875
-.1262054443359375
-.12066650390625
-.092987060546875
-.0505218505859375
-.0043487548828125
.032623291015625
.0483856201171875
.03411865234375
-.0136566162109375
-.092193603515625
-.1923675537109375
-.3000335693359375
-.3981475830078125
-.4694671630859375
-.4995880126953125
-.479461669921875
-.407073974609375
-.28802490234375
-.135040283203125
.0341339111328125
.199188232421875
.34051513671875
.4420318603515625
.4937896728515625
.4931640625
.4451141357421875
.3611297607421875
.257080078125
.15045166015625
.0574798583984375
-.0095062255859375
-.0438385009765625
-.04534912109375
-.019805908203125
.0223846435546875
.068572998046875
.106292724609375
.125732421875
.12152099609375
.0936431884765625
.0472412109375
-.008575439453125
-.0626678466796875
-.1043243408203125
-.12542724609375
-.122283935546875
-.0965728759765625
-.05511474609375
-.0087738037109375
.0297088623046875
.0480499267578125
.03704833984375
-.0074005126953125
-.0831756591796875
-.1817474365234375
-.2894287109375
-.3892669677734375
-.4639892578125
-.4987640380859375
-.483856201171875
-.416534423828125
-.3017120361328125
-.1513824462890625
.017059326171875
.1834564208984375
.3279571533203125
.43402099609375
.490997314453125
.4954833984375
.4517669677734375
.3707122802734375
.26788330078125
.1607513427734375
.065765380859375
-.00421142578125
-.04193115234375
-.0465545654296875
-.0233001708984375
.0177764892578125
.06414794921875
.10321044921875
.1248016357421875
.123046875
.0973663330078125
.052490234375
-.0028839111328125
-.0576629638671875
-.100982666015625
-.1243896484375
-.123687744140625
-.0999908447265625
-.0597076416015625
-.0132598876953125
.026580810546875
.04742431640625
.039642333984375
-.0014495849609375
-.074371337890625
-.1712188720703125
-.278717041015625
-.3801422119140625
-.458099365234375
-.4973907470703125
-.487701416015625
-.425567626953125
-.3150482177734375
-.1675567626953125
-.000030517578125
.1674957275390625
.3149871826171875
.425506591796875
.4876556396484375
.497344970703125
.458038330078125
.380096435546875
.278656005859375
.171173095703125
.074310302734375
.00140380859375
-.0396881103515625
-.0474700927734375
-.0266265869140625
.0131988525390625
.05963134765625
.099945068359375
.123626708984375
.12432861328125
.100921630859375
.0576019287109375
.0028228759765625
-.0525360107421875
-.0974273681640625
-.1230926513671875
-.124847412109375
-.103271484375
-.0641937255859375
-.0178375244140625
.02325439453125
.0465087890625
.0418853759765625
.004150390625
-.065826416015625
-.1608123779296875
-.2679443359375
-.370758056640625
-.451812744140625
-.49554443359375
-.4910430908203125
-.43408203125
-.3280029296875
-.1835174560546875
-.017120361328125
.1513214111328125
.301666259765625
.4164886474609375
.483795166015625
.4986724853515625
.4639434814453125
.3892059326171875
.2893524169921875
.1816864013671875
.083099365234375
.0073394775390625
-.037109375
-.048095703125
-.0297698974609375
.008697509765625
.0550689697265625
.096527099609375
.1222381591796875
.1253662109375
.1042633056640625
.0626220703125
.0084991455078125
-.0472869873046875
-.09368896484375
-.1215667724609375
-.1257781982421875
-.1063385009765625
-.0686187744140625
-.022430419921875
.0197601318359375
.0453033447265625
.043792724609375
.0094451904296875
-.0575408935546875
-.1505126953125
-.2571258544921875
-.361175537109375
-.4451751708984375
-.4932098388671875
-.4938507080078125
-.4420928955078125
-.340576171875
-.1992645263671875
-.0341949462890625
.1349639892578125
.2879791259765625
.4069976806640625
.4794158935546875
.499542236328125
.46942138671875
.3980865478515625
.29998779296875
.1923065185546875
.0921173095703125
.01361083984375
-.0341796875
-.048431396484375
-.032684326171875
.0042877197265625
.050445556640625
.092926025390625
.12060546875
.12615966796875
.107391357421875
.0675048828125
.014190673828125
-.041961669921875
-.0897674560546875
-.11981201171875
-.12646484375
-.1092376708984375
-.0729827880859375
-.027099609375
.0160675048828125
.0438079833984375
.0453643798828125
.0143890380859375
-.0495147705078125
-.1403656005859375
-.2462921142578125
-.351409912109375
-.4381561279296875
-.4904022216796875
-.496124267578125
-.4496307373046875
-.35272216796875
-.2147674560546875
-.051239013671875
.1184539794921875
.2739410400390625
.3970489501953125
.4744873046875
.4998931884765625
.4744873046875
.4066925048828125
.3105316162109375
.2030181884765625
.10137939453125
.020172119140625
-.030914306640625
-.0484771728515625
-.035400390625
-.0000457763671875
.045806884765625
.08917236328125
.1187591552734375
.1266937255859375
.110321044921875
.072265625
.01983642578125
-.0365447998046875
-.085662841796875
-.1177978515625
-.126922607421875
-.1119384765625
-.07720947265625
-.0317840576171875
.0122528076171875
.0420684814453125
.046600341796875
.019012451171875
-.0417633056640625
-.1303558349609375
-.2354736328125
-.3414306640625
-.4308013916015625
-.4871063232421875
-.49786376953125
-.4566192626953125
-.3644866943359375
-.230010986328125
-.0681915283203125
.1017913818359375
.25958251953125
.3866119384765625
.4690399169921875
.4997100830078125
.479095458984375
.415008544921875
.320953369140625
.213775634765625
.1108245849609375
.0270538330078125
-.0272979736328125
-.048187255859375
-.0378875732421875
-.004241943359375
.041107177734375
.0853118896484375
.116668701171875
.12701416015625
.113006591796875
.076873779296875
.0254364013671875
-.03106689453125
-.0813751220703125
-.11553955078125
-.127105712890625
-.11444091796875
-.0813446044921875
-.0364837646484375
.0082855224609375
.040069580078125
.04754638671875
.0233001708984375
-.0342864990234375
-.12054443359375
-.2246246337890625
-.3312835693359375
-.4230804443359375
-.4833526611328125
-.4990692138671875
-.4631195068359375
-.37579345703125
-.244964599609375
-.0850677490234375
.0850067138671875
.2449188232421875
.3757476806640625
.46307373046875
.4990234375
.483306884765625
.42303466796875
.33123779296875
.2245635986328125
.1204681396484375
.03424072265625
-.0233612060546875
-.0475921630859375
-.0401153564453125
-.0083465576171875
.036407470703125
.081298828125
.1143646240234375
.1270599365234375
.1154937744140625
.0813140869140625
.0309906005859375
-.0254974365234375
-.0769195556640625
-.1130828857421875
-.1270599365234375
-.116729736328125
-.0853729248046875
-.0411529541015625
.004180908203125
.0378265380859375
.048126220703125
.027252197265625
-.0271148681640625
-.1108856201171875
-.2138214111328125
-.3209991455078125
-.415069580078125
-.47918701171875
-.4997711181640625
-.469085693359375
-.3866729736328125
-.2596435546875
-.10186767578125
.0681304931640625
.229949951171875
.3644256591796875
.456573486328125
.4977874755859375
.487060546875
.4307403564453125
.34136962890625
.235382080078125
.13031005859375
.0417022705078125
-.019073486328125
-.046661376953125
-.0421295166015625
-.0123291015625
.03173828125
.0771484375
.1118927001953125
.1268463134765625
.11773681640625
.0855865478515625
.0364837646484375
-.0198974609375
-.0723114013671875
-.1103668212890625
-.1267547607421875
-.118804931640625
-.089263916015625
-.0458526611328125
-.000030517578125
.03533935546875
.04840087890625
.0308685302734375
-.0202484130859375
-.1014404296875
-.20306396484375
-.310577392578125
-.40673828125
-.4745330810546875
-.49993896484375
-.4745330810546875
-.3970947265625
-.27398681640625
-.1185302734375
.0511474609375
.214691162109375
.3526763916015625
.449554443359375
.496063232421875
.4903411865234375
.4380950927734375
.3513336181640625
.246246337890625
.14031982421875
.049468994140625
-.01446533203125
-.04541015625
-.0438690185546875
-.0161590576171875
.02703857421875
.0729217529296875
.1091766357421875
.1264190673828125
.1197357177734375
.0897064208984375
.041900634765625
-.0142364501953125
-.06756591796875
-.1074676513671875
-.1262054443359375
-.12066650390625
-.092987060546875
-.0505218505859375
-.0043487548828125
.032623291015625
.0483856201171875
.03411865234375
-.0136566162109375
-.092193603515625
-.1923675537109375
-.3000335693359375
-.3981475830078125
-.4694671630859375
-.4995880126953125
-.479461669921875
-.407073974609375
-.28802490234375
-.135040283203125
.0341339111328125
.199188232421875
.34051513671875
.4420318603515625
.4937896728515625
.4931640625
.4451141357421875
.3611297607421875
.257080078125
.15045166015625
.0574798583984375
-.0095062255859375
-.0438385009765625
-.04534912109375
-.019805908203125
.0223846435546875
.068572998046875
.106292724609375
.125732421875
.12152099609375
.0936431884765625
.0472412109375
-.008575439453125
-.0626678466796875
-.1043243408203125
-.12542724609375
-.122283935546875
-.0965728759765625
-.05511474609375
-.0087738037109375
.0297088623046875
.0480499267578125
.03704833984375
-.0074005126953125
-.0831756591796875
-.1817474365234375
-.2894287109375
-.3892669677734375
-.4639892578125
-.4987640380859375
-.483856201171875
-.416534423828125
-.3017120361328125
-.1513824462890625
.017059326171875
.1834564208984375
.3279571533203125
.43402099609375
.490997314453125
.4954833984375
.4517669677734375
.3707122802734375
.26788330078125
.1607513427734375
.065765380859375
-.00421142578125
-.04193115234375
-.0465545654296875
-.0233001708984375
.0177764892578125
.06414794921875
.10321044921875
.1248016357421875
.123046875
.0973663330078125
.052490234375
-.0028839111328125
-.0576629638671875
-.100982666015625
-.1243896484375
-.123687744140625
-.0999908447265625
-.0597076416015625
-.0132598876953125
.026580810546875
.04742431640625
.039642333984375
-.0014495849609375
-.074371337890625
-.1712188720703125
-.278717041015625
-.3801422119140625
-.458099365234375
-.4973907470703125
-.487701416015625
-.425567626953125
-.3150482177734375
-.1675567626953125
-.000030517578125
.1674957275390625
.3149871826171875
.425506591796875
.4876556396484375
.497344970703125
.458038330078125
.380096435546875
.278656005859375
.171173095703125
.074310302734375
.00140380859375
-.0396881103515625
-.0474700927734375
-.0266265869140625
.0131988525390625
.05963134765625
.099945068359375
.123626708984375
.12432861328125
.100921630859375
.0576019287109375
.0028228759765625
-.0525360107421875
-.0974273681640625
-.1230926513671875
-.124847412109375
-.103271484375
-.0641937255859375
-.0178375244140625
.02325439453125
.0465087890625
.0418853759765625
.004150390625
-.065826416015625
-.1608123779296875
-.2679443359375
-.370758056640625
-.451812744140625
-.49554443359375
-.4910430908203125
-.43408203125
-.3280029296875
-.1835174560546875
-.017120361328125
.1513214111328125
.301666259765625
.4164886474609375
.483795166015625
.4986724853515625
.4639434814453125
.3892059326171875
.2893524169921875
.1816864013671875
.083099365234375
.0073394775390625
-.037109375
-.048095703125
-.0297698974609375
.008697509765625
.0550689697265625
.096527099609375
.1222381591796875
.1253662109375
.1042633056640625
.0626220703125
.0084991455078125
-.0472869873046875
-.09368896484375
-.1215667724609375
-.1257781982421875
-.1063385009765625
-.0686187744140625
-.022430419921875
.0197601318359375
.0453033447265625
.043792724609375
.0094451904296875
-.0575408935546875
-.1505126953125
-.2571258544921875
-.361175537109375
-.4451751708984375
-.4932098388671875
-.4938507080078125
-.4420928955078125
-.340576171875
-.1992645263671875
-.0341949462890625
.1349639892578125
.2879791259765625
.4069976806640625
.4794158935546875
.499542236328125
.46942138671875
.3980865478515625
.29998779296875
.1923065185546875
.0921173095703125
.01361083984375
-.0341796875
-.048431396484375
-.032684326171875
.0042877197265625
.050445556640625
.092926025390625
.12060546875
.12615966796875
.107391357421875
.0675048828125
.014190673828125
-.041961669921875
-.0897674560546875
-.11981201171875
-.12646484375
-.1092376708984375
-.0729827880859375
-.027099609375
