0
6520
10430
10387
6964
2370
-626
-50
4322
10846
16812
19754
18654
14431
9491
6558
7348
11727
17784
22750
24350
21909
16675
11215
8168
8958
13102
18449
22223
22375
18583
12407
6532
3466
4320
8269
12957
15645
14544
9688
2923
-2993
-5727
-4499
-466
3849
5788
3847
-1582
-8405
-13836
-15756
-13733
-9238
-4921
-3321
-5632
-11116
-17461
-21907
-22582
-19414
-14164
-9568
-8006
-10343
-15508
-21016
-24172
-23389
-18953
-12889
-7976
-6394
-8667
-13408
-17998
-19856
-17701
-12175
-5533
-549
833
-1560
-6050
-9921
-10748
-7579
-1396
5353
9948
10713
7829
3246
-271
-491
3200
9494
15796
19484
19181
15423
10398
6878
6869
10636
16570
21971
24361
22686
17832
12188
8491
8488
12091
17419
21713
22679
19606
13710
7549
3774
3848
7330
12098
15376
15094
10892
4299
-2007
-5500
-5032
-1387
3101
5688
4555
-299
-7063
-12983
-15702
-14407
-10215
-5635
-3340
-4865
-9861
-16261
-21282
-22781
-20292
-15253
-10304
-8006
-9589
-14357
-20024
-23830
-23875
-20054
-14099
-8743
-6390
-7946
-12380
-17228
-19791
-18450
-13458
-6814
-1298
882
-838
-5110
-9327
-10900
-8512
-2769
4095
9305
10886
8624
4167
221
-768
2186
8142
14672
19048
19563
16363
11369
7345
6548
9635
15333
21066
24201
23331
18956
13242
8967
8168
11151
16346
21064
22815
20511
15003
8665
4242
3518
6445
11176
14959
15482
11996
5687
-903
-5109
-5432
-2273
2273
5432
5109
903
-5687
-11996
-15482
-14959
-11176
-6445
-3518
-4242
-8665
-15003
-20511
-22815
-21064
-16346
-11151
-8168
-8967
-13242
-18956
-23331
-24201
-21066
-15333
-9635
-6548
-7345
-11369
-16363
-19563
-19048
-14672
-8142
-2186
768
-221
-4167
-8624
-10886
-9305
-4095
2769
8512
10900
9327
5110
838
-882
1298
6814
13458
18450
19791
17228
12380
7946
6390
8743
14099
20054
23875
23830
20024
14357
9589
8006
10304
15253
20292
22781
21282
16261
9861
4865
3340
5635
10215
14407
15702
12983
7063
299
-4555
-5688
-3101
1387
5032
5500
2007
-4299
-10892
-15094
-15376
-12098
-7330
-3848
-3774
-7549
-13710
-19606
-22679
-21713
-17419
-12091
-8488
-8491
-12188
-17832
-22686
-24361
-21971
-16570
-10636
-6869
-6878
-10398
-15423
-19181
-19484
-15796
-9494
-3200
491
271
-3246
-7829
-10713
-9948
-5353
1396
7579
10748
9921
6050
1560
-833
549
5533
12175
17701
19856
17998
13408
8667
6394
7976
12889
18953
23389
24172
21016
15508
10343
8006
9568
14164
19414
22582
21907
17461
11116
5632
3321
4921
9238
13733
15756
13836
8405
1582
-3847
-5788
-3849
466
4499
5727
2993
-2923
-9688
-14544
-15645
-12957
-8269
-4320
-3466
-6532
-12407
-18583
-22375
-22223
-18449
-13102
-8958
-8168
-11215
-16675
-21909
-24350
-22750
-17784
-11727
-7348
-6558
-9491
-14431
-18654
-19754
-16812
-10846
-4322
50
626
-2370
-6964
-10387
-10430
-6520
0
6520
10430
10387
6964
2370
-626
-50
4322
10846
16812
19754
18654
14431
9491
6558
7348
11727
17784
22750
24350
21909
16675
11215
8168
8958
13102
18449
22223
22375
18583
12407
6532
3466
4320
8269
12957
15645
14544
9688
2923
-2993
-5727
-4499
-466
3849
5788
3847
-1582
-8405
-13836
-15756
-13733
-9238
-4921
-3321
-5632
-11116
-17461
-21907
-22582
-19414
-14164
-9568
-8006
-10343
-15508
-21016
-24172
-23389
-18953
-12889
-7976
-6394
-8667
-13408
-17998
-19856
-17701
-12175
-5533
-549
833
-1560
-6050
-9921
-10748
-7579
-1396
5353
9948
10713
7829
3246
-271
-491
3200
9494
15796
19484
19181
15423
10398
6878
6869
10636
16570
21971
24361
22686
17832
12188
8491
8488
12091
17419
21713
22679
19606
13710
7549
3774
3848
7330
12098
15376
15094
10892
4299
-2007
-5500
-5032
-1387
3101
5688
4555
-299
-7063
-12983
-15702
-14407
-10215
-5635
-3340
-4865
-9861
-16261
-21282
-22781
-20292
-15253
-10304
-8006
-9589
-14357
-20024
-23830
-23875
-20054
-14099
-8743
-6390
-7946
-12380
-17228
-19791
-18450
-13458
-6814
-1298
882
-838
-5110
-9327
-10900
-8512
-2769
4095
9305
10886
8624
4167
221
-768
2186
8142
14672
19048
19563
16363
11369
7345
6548
9635
15333
21066
24201
23331
18956
13242
8967
8168
11151
16346
21064
22815
20511
15003
8665
4242
3518
6445
11176
14959
15482
11996
5687
-903
-5109
-5432
-2273
2273
5432
5109
903
-5687
-11996
-15482
-14959
-11176
-6445
-3518
-4242
-8665
-15003
-20511
-22815
-21064
-16346
-11151
-8168
-8967
-13242
-18956
-23331
-24201
-21066
-15333
-9635
-6548
-7345
-11369
-16363
-19563
-19048
-14672
-8142
-2186
768
-221
-4167
-8624
-10886
-9305
-4095
2769
8512
10900
9327
5110
838
-882
1298
6814
13458
18450
19791
17228
12380
7946
6390
8743
14099
20054
23875
23830
20024
14357
9589
8006
10304
15253
20292
22781
21282
16261
9861
4865
3340
5635
10215
14407
15702
12983
7063
299
-4555
-5688
-3101
1387
5032
5500
2007
-4299
-10892
-15094
-15376
-12098
-7330
-3848
-3774
-7549
-13710
-19606
-22679
-21713
-17419
-12091
-8488
-8491
-12188
-17832
-22686
-24361
-21971
-16570
-10636
-6869
-6878
-10398
-15423
-19181
-19484
-15796
-9494
-3200
491
271
-3246
-7829
-10713
-9948
-5353
1396
7579
10748
9921
6050
1560
-833
549
5533
12175
17701
19856
17998
13408
8667
6394
7976
12889
18953
23389
24172
21016
15508
10343
8006
9568
14164
19414
22582
21907
17461
11116
5632
3321
4921
9238
13733
15756
13836
8405
1582
-3847
-5788
-3849
466
4499
5727
2993
-2923
-9688
-14544
-15645
-12957
-8269
-4320
-3466
-6532
-12407
-18583
-22375
-22223
-18449
-13102
-8958
-8168
-11215
-16675
-21909
-24350
-22750
-17784
-11727
-7348
-6558
-9491
-14431
-18654
-19754
-16812
-10846
-4322
50
626
-2370
-6964
-10387
-10430
-6520
0
6520
10430
10387
6964
2370
-626
-50
4322
10846
16812
19754
18654
14431
9491
6558
7348
11727
17784
22750
24350
21909
16675
11215
8168
8958
13102
18449
22223
22375
18583
12407
6532
3466
4320
8269
12957
15645
14544
9688
2923
-2993
-5727
-4499
-466
3849
5788
3847
-1582
-8405
-13836
-15756
-13733
-9238
-4921
-3321
-5632
-11116
-17461
-21907
-22582
-19414
-14164
-9568
-8006
-10343
-15508
-21016
-24172
-23389
-18953
-12889
-7976
-6394
-8667
-13408
-17998
-19856
-17701
-12175
-5533
-549
833
-1560
-6050
-9921
-10748
-7579
-1396
5353
9948
10713
7829
3246
-271
-491
3200
9494
15796
19484
19181
15423
10398
6878
6869
10636
16570
21971
24361
22686
17832
12188
8491
8488
12091
17419
21713
22679
