0.000000
0.198998
0.318336
0.317013
0.212541
0.072343
-0.019123
-0.001529
0.131903
0.331025
0.513080
0.602884
0.569320
0.440418
0.289654
0.200164
0.224255
0.357919
0.542748
0.694301
0.743155
0.668645
0.508900
0.342288
0.249297
0.273389
0.399870
0.563051
0.678221
0.682874
0.567147
0.378650
0.199360
0.105794
0.131847
0.252366
0.395447
0.477475
0.443865
0.295683
0.089208
-0.091361
-0.174780
-0.137321
-0.014233
0.117493
0.176653
0.117418
-0.048290
-0.256515
-0.422284
-0.480858
-0.419136
-0.281953
-0.150194
-0.101382
-0.171906
-0.339257
-0.532914
-0.668592
-0.689186
-0.592497
-0.432268
-0.292006
-0.244339
-0.315667
-0.473308
-0.641382
-0.737712
-0.713801
-0.578421
-0.393368
-0.243421
-0.195136
-0.264507
-0.409222
-0.549290
-0.605993
-0.540229
-0.371586
-0.168882
-0.016756
0.025427
-0.047627
-0.184638
-0.302779
-0.328040
-0.231310
-0.042622
0.163367
0.303606
0.326950
0.238956
0.099092
-0.008273
-0.014985
0.097662
0.289754
0.482091
0.594637
0.585381
0.470706
0.317358
0.209928
0.209658
0.324607
0.505692
0.670527
0.743462
0.692361
0.544209
0.371980
0.259138
0.259042
0.369005
0.531609
0.662655
0.692144
0.598351
0.418430
0.230390
0.115193
0.117439
0.223721
0.369216
0.469277
0.460674
0.332424
0.131207
-0.061256
-0.167870
-0.153581
-0.042338
0.094641
0.173592
0.139038
-0.009145
-0.215580
-0.396239
-0.479231
-0.439684
-0.311769
-0.171999
-0.101944
-0.148489
-0.300963
-0.496269
-0.649519
-0.695267
-0.619299
-0.465502
-0.314485
-0.244342
-0.292646
-0.438155
-0.611133
-0.727263
-0.728660
-0.612028
-0.430282
-0.266826
-0.195014
-0.242502
-0.377836
-0.525790
-0.604003
-0.563094
-0.410731
-0.207971
-0.039623
0.026928
-0.025576
-0.155951
-0.284677
-0.332661
-0.259790
-0.084523
0.124998
0.284005
0.332248
0.263211
0.127196
0.006772
-0.023467
0.066734
0.248497
0.447779
0.581318
0.597053
0.499387
0.346979
0.224161
0.199866
0.294054
0.467963
0.642927
0.738606
0.712038
0.578520
0.404151
0.273680
0.249285
0.340338
0.498856
0.642862
0.696282
0.625970
0.457876
0.264457
0.129489
0.107368
0.196712
0.341094
0.456552
0.472499
0.366126
0.173572
-0.027572
-0.155922
-0.165801
-0.069371
0.069371
0.165801
0.155922
0.027572
-0.173572
-0.366126
-0.472499
-0.456552
-0.341094
-0.196712
-0.107368
-0.129489
-0.264457
-0.457876
-0.625970
-0.696282
-0.642862
-0.498856
-0.340338
-0.249285
-0.273680
-0.404151
-0.578520
-0.712038
-0.738606
-0.642927
-0.467963
-0.294054
-0.199866
-0.224161
-0.346979
-0.499387
-0.597053
-0.581318
-0.447779
-0.248497
-0.066734
0.023467
-0.006772
-0.127196
-0.263211
-0.332248
-0.284005
-0.124998
0.084523
0.259790
0.332661
0.284677
0.155951
0.025576
-0.026928
0.039623
0.207971
0.410731
0.563094
0.604003
0.525790
0.377836
0.242502
0.195014
0.266826
0.430282
0.612028
0.728660
0.727263
0.611133
0.438155
0.292646
0.244342
0.314485
0.465502
0.619299
0.695267
0.649519
0.496269
0.300963
0.148489
0.101944
0.171999
0.311769
0.439684
0.479231
0.396239
0.215580
0.009145
-0.139038
-0.173592
-0.094641
0.042338
0.153581
0.167870
0.061256
-0.131207
-0.332424
-0.460674
-0.469277
-0.369216
-0.223721
-0.117439
-0.115193
-0.230390
-0.418430
-0.598351
-0.692144
-0.662655
-0.531609
-0.369005
-0.259042
-0.259138
-0.371980
-0.544209
-0.692361
-0.743462
-0.670527
-0.505692
-0.324607
-0.209658
-0.209928
-0.317358
-0.470706
-0.585381
-0.594637
-0.482091
-0.289754
-0.097662
0.014985
0.008273
-0.099092
-0.238956
-0.326950
-0.303606
-0.163367
0.042622
0.231310
0.328040
0.302779
0.184638
0.047627
-0.025427
0.016756
0.168882
0.371586
0.540229
0.605993
0.549290
0.409222
0.264507
0.195136
0.243421
0.393368
0.578421
0.713801
0.737712
0.641382
0.473308
0.315667
0.244339
0.292006
0.432268
0.592497
0.689186
0.668592
0.532914
0.339257
0.171906
0.101382
0.150194
0.281953
0.419136
0.480858
0.422284
0.256515
0.048290
-0.117418
-0.176653
-0.117493
0.014233
0.137321
0.174780
0.091361
-0.089208
-0.295683
-0.443865
-0.477475
-0.395447
-0.252366
-0.131847
-0.105794
-0.199360
-0.378650
-0.567147
-0.682874
-0.678221
-0.563051
-0.399870
-0.273389
-0.249297
-0.342288
-0.508900
-0.668645
-0.743155
-0.694301
-0.542748
-0.357919
-0.224255
-0.200164
-0.289654
-0.440418
-0.569320
-0.602884
-0.513080
-0.331025
-0.131903
0.001529
0.019123
-0.072343
-0.212541
-0.317013
-0.318336
-0.198998
-0.000000
0.198998
0.318336
0.317013
0.212541
0.072343
-0.019123
-0.001529
0.131903
0.331025
0.513080
0.602884
0.569320
0.440418
0.289654
0.200164
0.224255
0.357919
0.542748
0.694301
0.743155
0.668645
0.508900
0.342288
0.249297
0.273389
0.399870
0.563051
0.678221
0.682874
0.567147
0.378650
0.199360
0.105794
0.131847
0.252366
0.395447
0.477475
0.443865
0.295683
0.089208
-0.091361
-0.174780
-0.137321
-0.014233
0.117493
0.176653
0.117418
-0.048290
-0.256515
-0.422284
-0.480858
-0.419136
-0.281953
-0.150194
-0.101382
-0.171906
-0.339257
-0.532914
-0.668592
-0.689186
-0.592497
-0.432268
-0.292006
-0.244339
-0.315667
-0.473308
-0.641382
-0.737712
-0.713801
-0.578421
-0.393368
-0.243421
-0.195136
-0.264507
-0.409222
-0.549290
-0.605993
-0.540229
-0.371586
-0.168882
-0.016756
0.025427
-0.047627
-0.184638
-0.302779
-0.328040
-0.231310
-0.042622
0.163367
0.303606
0.326950
0.238956
0.099092
-0.008273
-0.014985
0.097662
0.289754
0.482091
0.594637
0.585381
0.470706
0.317358
0.209928
0.209658
0.324607
0.505692
0.670527
0.743462
0.692361
0.544209
0.371980
0.259138
0.259042
0.369005
0.531609
0.662655
0.692144
0.598351
0.418430
0.230390
0.115193
0.117439
0.223721
0.369216
0.469277
0.460674
0.332424
0.131207
-0.061256
-0.167870
-0.153581
-0.042338
0.094641
0.173592
0.139038
-0.009145
-0.215580
-0.396239
-0.479231
-0.439684
-0.311769
-0.171999
-0.101944
-0.148489
-0.300963
-0.496269
-0.649519
-0.695267
-0.619299
-0.465502
-0.314485
-0.244342
-0.292646
-0.438155
-0.611133
-0.727263
-0.728660
-0.612028
-0.430282
-0.266826
-0.195014
-0.242502
-0.377836
-0.525790
-0.604003
-0.563094
-0.410731
-0.207971
-0.039623
0.026928
-0.025576
-0.155951
-0.284677
-0.332661
-0.259790
-0.084523
0.124998
0.284005
0.332248
0.263211
0.127196
0.006772
-0.023467
0.066734
0.248497
0.447779
0.581318
0.597053
0.499387
0.346979
0.224161
0.199866
0.294054
0.467963
0.642927
0.738606
0.712038
0.578520
0.404151
0.273680
0.249285
0.340338
0.498856
0.642862
0.696282
0.625970
0.457876
0.264457
0.129489
0.107368
0.196712
0.341094
0.456552
0.472499
0.366126
0.173572
-0.027572
-0.155922
-0.165801
-0.069371
0.069371
0.165801
0.155922
0.027572
-0.173572
-0.366126
-0.472499
-0.456552
-0.341094
-0.196712
-0.107368
-0.129489
-0.264457
-0.457876
-0.625970
-0.696282
-0.642862
-0.498856
-0.340338
-0.249285
-0.273680
-0.404151
-0.578520
-0.712038
-0.738606
-0.642927
-0.467963
-0.294054
-0.199866
-0.224161
-0.346979
-0.499387
-0.597053
-0.581318
-0.447779
-0.248497
-0.066734
0.023467
-0.006772
-0.127196
-0.263211
-0.332248
-0.284005
-0.124998
0.084523
0.259790
0.332661
0.284677
0.155951
0.025576
-0.026928
0.039623
0.207971
0.410731
0.563094
0.604003
0.525790
0.377836
0.242502
0.195014
0.266826
0.430282
0.612028
0.728660
0.727263
0.611133
0.438155
0.292646
0.244342
0.314485
0.465502
0.619299
0.695267
0.649519
0.496269
0.300963
0.148489
0.101944
0.171999
0.311769
0.439684
0.479231
0.396239
0.215580
0.009145
-0.139038
-0.173592
-0.094641
0.042338
0.153581
0.167870
0.061256
-0.131207
-0.332424
-0.460674
-0.469277
-0.369216
-0.223721
-0.117439
-0.115193
-0.230390
-0.418430
-0.598351
-0.692144
-0.662655
-0.531609
-0.369005
-0.259042
-0.259138
-0.371980
-0.544209
-0.692361
-0.743462
-0.670527
-0.505692
-0.324607
-0.209658
-0.209928
-0.317358
-0.470706
-0.585381
-0.594637
-0.482091
-0.289754
-0.097662
0.014985
0.008273
-0.099092
-0.238956
-0.326950
-0.303606
-0.163367
0.042622
0.231310
0.328040
0.302779
0.184638
0.047627
-0.025427
0.016756
0.168882
0.371586
0.540229
0.605993
0.549290
0.409222
0.264507
0.195136
0.243421
0.393368
0.578421
0.713801
0.737712
0.641382
0.473308
0.315667
0.244339
0.292006
0.432268
0.592497
0.689186
0.668592
0.532914
0.339257
0.171906
0.101382
0.150194
0.281953
0.419136
0.480858
0.422284
0.256515
0.048290
-0.117418
-0.176653
-0.117493
0.014233
0.137321
0.174780
0.091361
-0.089208
-0.295683
-0.443865
-0.477475
-0.395447
-0.252366
-0.131847
-0.105794
-0.199360
-0.378650
-0.567147
-0.682874
-0.678221
-0.563051
-0.399870
-0.273389
-0.249297
-0.342288
-0.508900
-0.668645
-0.743155
-0.694301
-0.542748
-0.357919
-0.224255
-0.200164
-0.289654
-0.440418
-0.569320
-0.602884
-0.513080
-0.331025
-0.131903
0.001529
0.019123
-0.072343
-0.212541
-0.317013
-0.318336
-0.198998
-0.000000
0.198998
0.318336
0.317013
0.212541
0.072343
-0.019123
-0.001529
0.131903
0.331025
0.513080
0.602884
0.569320
0.440418
0.289654
0.200164
0.224255
0.357919
0.542748
0.694301
0.743155
0.668645
0.508900
0.342288
0.249297
0.273389
0.399870
0.563051
0.678221
0.682874
0.567147
0.378650
0.199360
0.105794
0.131847
0.252366
0.395447
0.477475
0.443865
0.295683
0.089208
-0.091361
-0.174780
-0.137321
-0.014233
0.117493
0.176653
0.117418
-0.048290
-0.256515
-0.422284
-0.480858
-0.419136
-0.281953
-0.150194
-0.101382
-0.171906
-0.339257
-0.532914
-0.668592
-0.689186
-0.592497
-0.432268
-0.292006
-0.244339
-0.315667
-0.473308
-0.641382
-0.737712
-0.713801
-0.578421
-0.393368
-0.243421
-0.195136
-0.264507
-0.409222
-0.549290
-0.605993
-0.540229
-0.371586
-0.168882
-0.016756
0.025427
-0.047627
-0.184638
-0.302779
-0.328040
-0.231310
-0.042622
0.163367
0.303606
0.326950
0.238956
0.099092
-0.008273
-0.014985
0.097662
0.289754
0.482091
0.594637
0.585381
0.470706
0.317358
0.209928
0.209658
0.324607
0.505692
0.670527
0.743462
0.692361
0.544209
0.371980
0.259138
0.259042
0.369005
0.531609
0.662655
0.692144
