0
29
159
435
827
1254
1630
1912
2123
2345
2679
3197
3905
4739
5594
6372
7027
7583
8120
8730
9469
10326
11224
12055
12728
13210
13539
13803
14095
14464
14890
15293
15569
15639
15488
15172
14788
14429
14138
13888
13596
13163
12525
11685
10712
9711
8773
7932
7152
6346
5422
4328
3082
1765
485
-674
-1688
-2604
-3513
-4503
-5614
-6816
-8020
-9119
-10039
-10771
-11374
-11943
-12563
-13264
-14005
-14693
-15226
-15543
-15651
-15621
-15554
-15530
-15570
-15625
-15600
-15401
-14981
-14364
-13633
-12892
-12217
-11619
-11041
-10388
-9575
-8569
-7409
-6189
-5013
-3949
-2998
-2095
-1144
-68
1151
2462
3765
4958
5983
6853
7642
8447
9338
10322
11337
12280
13056
13621
14003
14286
14568
14912
15315
15708
15989
16072
15929
15604
15190
14786
14448
14163
13857
13431
12810
11983
11007
9984
9011
8136
7337
6534
5631
4565
3339
2024
726
-463
-1506
-2436
-3339
-4308
-5395
-6584
-7795
-8922
-9880
-10646
-11267
-11835
-12440
-13125
-13863
-14569
-15139
-15500
-15645
-15634
-15566
-15529
-15558
-15617
-15617
-15459
-15084
-14501
-13784
-13037
-12345
-11734
-11159
-10529
-9753
-8785
-7650
-6433
-5241
-4153
-3183
-2278
-1345
-299
893
2192
3505
4726
5786
6683
7481
8276
9147
10115
11131
12097
12912
13520
13934
14229
14505
14835
15230
15633
15945
16073
15975
15681
15277
14865
14513
14222
13928
13533
12954
12165
11211
10188
9198
8302
7492
6697
5820
4788
3590
2284
973
-244
-1316
-2263
-3164
-4114
-5177
-6351
-7567
-8719
-9715
-10517
-11159
-11728
-12319
-12987
-13719
-14439
-15043
-15448
-15632
-15644
-15578
-15529
-15545
-15603
-15622
-15502
-15172
-14627
-13930
-13182
-12476
-11851
-11276
-10666
-9925
-8996
-7889
-6680
-5475
-4362
-3370
-2458
-1537
-517
648
1933
3253
4500
5595
6521
7331
8119
8971
9922
10936
11921
12773
13424
13872
14183
14455
14770
15154
15562
15900
16070
16017
15756
15365
14947
14580
14280
13994
13627
13089
12341
11414
10397
9395
8480
7658
6868
6015
5017
3849
2557
1238
-4
-1106
-2074
-2977
-3911
-4949
-6104
-7319
-8492
-9524
-10364
-11032
-11607
-12187
-12838
-13562
-14293
-14929
-15379
-15607
-15648
-15591
-15534
-15537
-15592
-15627
-15542
-15257
-14752
-14077
-13330
-12610
-11969
-11389
-10793
-10084
-9194
-8118
-6921
-5707
-4572
-3558
-2637
-1727
-734
400
1665
2985
4254
5383
6341
7168
7953
8788
9720
10727
11726
12612
13306
13792
14124
14397
14700
15072
15482
15842
16051
16043
15819
15446
15026
14645
14334
14052
13709
13210
12503
11605
10596
9582
8645
7806
7016
6183
5218
4083
2810
1488
224
-907
-1897
-2804
-3723
-4736
-5869
-7078
-8267
-9333
-10212
-10910
-11496
-12068
-12702
-13414
-14151
-14814
-15306
-15577
-15649
-15603
-15539
-15528
-15577
-15624
-15571
-15330
-14867
-14219
-13478
-12746
-12088
-11501
-10917
-10239
-9389
-8348
-7168
-5949
-4792
-3753
-2818
-1913
-942
163
1407
2725
4013
5175
6166
7013
7798
8616
9527
10523
11531
12446
13180
13704
14058
14333
14624
14982
15390
15769
16016
16054
15870
15519
15100
14707
14383
14102
13780
13319
12655
11791
10797
9777
8822
7966
7173
6356
5422
4320
3068
1747
464
-697
-1713
-2630
-3539
-4529
-5640
-6841
-8044
-9142
-10061
-10792
-11393
-11960
-12578
-13277
-14016
-14702
-15234
-15550
-15657
-15626
-15558
-15533
-15572
-15626
-15600
-15400
-14979
-14361
-13629
-12888
-12213
-11615
-11037
-10384
-9571
-8565
-7405
-6185
-5010
-3947
-2997
-2095
-1145
-70
1149
2460
3763
4956
5981
6851
7640
8445
9336
10320
11335
12278
13054
13619
14001
14284
14566
14910
15313
15706
15987
16070
15927
15602
15188
14784
14446
14161
13855
13429
12808
11981
11005
9982
9009
8134
7335
6532
5629
4563
3337
2022
724
-465
-1508
-2438
-3341
-4310
-5397
-6586
-7797
-8924
-9882
-10648
-11269
-11837
-12442
-13127
-13865
-14571
-15141
-15502
-15646
-15634
-15565
-15527
-15555
-15613
-15612
-15454
-15079
-14496
-13779
-13032
-12340
-11729
-11154
-10524
-9748
-8780
-7645
-6428
-5236
-4148
-3179
-2275
-1343
-298
893
2191
3503
4723
5782
6678
7475
8269
9139
10107
11123
12089
12904
13512
13926
14221
14497
14827
15222
15625
15937
16065
15967
15673
15269
14857
14505
14215
13922
13528
12950
12162
11209
10187
9198
8303
7493
6698
5821
4789
3591
2285
974
-243
-1315
-2262
-3163
-4113
-5176
-6350
-7566
-8718
-9714
-10516
-11158
-11727
-12318
-12986
-13718
-14438
-15042
-15447
-15631
-15643
-15577
-15528
-15544
-15602
-15621
-15501
-15171
-14626
-13929
-13181
-12475
-11850
-11275
-10665
-9924
-8995
-7888
-6679
-5474
-4361
-3369
-2457
-1536
-516
649
1934
3254
4501
5596
6522
7332
8120
8972
9923
10937
11922
12774
13425
13873
14184
14456
14771
15155
15563
15901
16071
16018
15757
15366
14948
14581
14281
13995
13628
13090
12342
11415
10398
9396
8481
7659
6869
6016
5018
3850
2558
1239
-3
-1105
-2073
-2976
-3910
-4949
-6105
-7321
-8495
-9528
-10369
-11038
-11614
-12194
-12845
-13569
-14300
-14936
-15386
-15614
-15655
-15598
-15541
-15544
-15599
-15634
-15549
-15264
-14759
-14084
-13337
-12616
-11974
-11394
-10798
-10089
-9198
-8121
-6923
-5708
-4572
-3557
-2636
-1726
-733
401
1666
2986
4255
5384
6342
7169
7954
8789
9721
10728
11727
12613
13307
13793
14125
14398
14701
15073
15483
15843
16052
16044
15820
15447
15027
14646
14335
14053
13710
13211
12504
11606
10597
9583
8646
7807
7017
6184
5219
4084
2811
1489
225
-906
-1896
-2803
-3722
-4735
-5869
-7079
-8269
-9335
-10214
-10912
-11498
-12070
-12704
-13416
-14153
-14816
-15308
-15579
-15651
-15605
-15541
-15530
-15579
-15626
-15573
-15332
-14869
-14221
-13480
-12748
-12090
-11503
-10919
-10240
-9389
-8347
-7167
-5948
-4791
-3752
-2817
-1912
-941
164
1408
2726
4014
5176
6167
7014
7799
8617
9528
10524
11532
12447
13181
13705
14059
14334
14625
14983
15391
15770
16017
16055
15871
15520
15101
14708
14384
14103
13781
13320
12656
11792
10798
9778
8823
7967
7174
6357
5423
4321
3069
1748
465
-696
-1712
-2629
-3538
-4528
-5639
-6840
-8043
-9141
-10060
-10791
-11392
-11959
-12577
-13276
-14015
-14701
-15233
-15549
-15656
-15625
-15557
-15532
-15571
-15625
-15599
-15399
-14978
-14360
-13628
-12887
-12212
-11614
-11036
-10383
-9570
-8564
-7404
-6184
-5009
-3946
-2996
-2094
-1144
-69
1150
2461
3764
4957
5982
6852
7641
8446
9337
10321
11336
12279
13055
13620
14002
14285
14567
14911
