-1
0.99989
0.999537
0.998954
0.998143
0.997101
0.995834
0.994343
0.992616
0.99067
0.988503
0.986123
0.98353
0.98072
0.977705
0.974485
0.971054
0.967432
0.963616
0.959598
0.955397
0.951013
0.946443
0.941692
0.936781
0.931693
0.926434
0.921026
0.915456
0.90973
0.903859
0.89785
0.891696
0.885413
0.878998
0.872463
0.865802
0.859031
0.852151
0.845162
0.838076
0.830896
0.823619
0.816264
0.808821
0.801308
0.793715
0.786061
0.778351
0.770578
0.762754
0.754879
0.746972
0.739017
0.731039
0.723021
0.714989
0.706931
0.698865
0.69078
0.68269
0.674605
0.666521
0.658444
0.650383
0.642331
0.634297
0.626288
0.618315
0.61037
0.602462
0.594588
0.586762
0.578982
0.571256
0.563581
0.555966
0.548413
0.540925
0.533511
0.526158
0.518889
0.5117
0.504588
0.497558
0.490622
0.483775
0.477016
0.47036
0.463796
0.457344
0.450991
0.444741
0.438608
0.432581
0.426671
0.420878
0.415202
0.409643
0.404213
0.398901
0.393721
0.388661
0.383738
0.378947
0.374285
0.369759
0.365371
0.361117
0.356998
0.353024
0.349193
0.345496
0.34194
0.338537
0.33527
0.332148
0.329169
0.326339
0.323649
0.321109
0.318714
0.31646
0.314355
0.31239
0.310574
0.308902
0.307374
0.305992
0.304744
0.303642
0.302677
0.301856
0.30117
0.300625
0.300202
0.299922
0.299772
0.299749
0.299862
0.300097
0.300455
0.300932
0.301529
0.302249
0.303076
0.30402
0.305072
0.306231
0.307487
0.30884
0.310294
0.31184
0.313485
0.315218
0.317017
0.318908
0.320871
0.322904
0.325005
0.327178
0.329399
0.33168
0.334016
0.336404
0.338826
0.341292
0.343789
0.346322
0.348875
0.351454
0.354045
0.356657
0.359272
0.361886
0.364505
0.367117
0.369718
0.372308
0.374881
0.37742
0.379938
0.382425
0.384868
0.387275
0.389632
0.391947
0.394201
0.396395
0.398532
0.400602
0.402597
0.404513
0.406368
0.408123
0.409802
0.411384
0.412874
0.414271
0.415562
0.416754
0.417842
0.418812
0.41968
0.42042
0.421041
0.421548
0.421926
0.422183
0.422306
0.422295
0.422162
0.421877
0.421469
0.420909
0.420223
0.419376
0.418399
0.417277
0.415999
0.414574
0.413009
0.41128
0.409413
0.407386
0.405213
0.402875
0.400395
0.397756
0.394971
0.392027
0.388927
0.385678
0.382275
0.378719
0.37501
0.371143
0.367145
0.362979
0.358665
0.354208
0.349604
0.344847
0.339944
0.334905
0.329724
0.324407
0.318942
0.313347
0.307607
0.301736
0.295741
0.289618
0.283356
0.27697
0.270469
0.263843
0.257098
0.250247
0.243277
0.236195
0.229006
0.221719
0.214327
0.206842
0.19925
0.191564
0.183804
0.175948
0.168022
0.159995
0.151917
0.143752
0.135523
0.127233
0.118879
0.110473
0.102016
0.0935032
0.0849434
0.0763485
0.0677093
0.0590429
0.0503484
0.0416293
0.0328888
0.0241354
0.0153722
0.0065911
-0.00218283
-0.0109519
-0.0197186
-0.0284749
-0.0372185
-0.0459356
-0.0546364
-0.0632941
-0.0719235
-0.0805199
-0.0890662
-0.0975661
-0.106008
-0.114405
-0.12273
-0.130984
-0.139174
-0.147285
-0.15531
-0.163258
-0.171104
-0.178864
-0.186516
-0.194074
-0.201518
-0.208849
-0.216056
-0.223159
-0.230126
-0.236954
-0.243655
-0.250214
-0.256627
-0.262905
-0.269026
-0.274986
-0.280796
-0.286445
-0.291925
-0.297234
-0.302377
-0.307345
-0.312132
-0.31675
-0.321169
-0.325416
-0.329465
-0.333327
-0.337
-0.340465
-0.343745
-0.346826
-0.349708
-0.352389
-0.354868
-0.357137
-0.359211
-0.361075
-0.362729
-0.364186
-0.365431
-0.366468
-0.367307
-0.367936
-0.368357
-0.368586
-0.368601
-0.368416
-0.368034
-0.367448
-0.366656
-0.365675
-0.364501
-0.363132
-0.361575
-0.35984
-0.357905
-0.35579
-0.3535
-0.351033
-0.348396
-0.345584
-0.342602
-0.339466
-0.336168
-0.332719
-0.329113
-0.325363
-0.321473
-0.317435
-0.31327
-0.308986
-0.304572
-0.300047
-0.295384
-0.290633
-0.285773
-0.280819
-0.275762
-0.270626
-0.265398
-0.260099
-0.254726
-0.24929
-0.24379
-0.238238
-0.232634
-0.22698
-0.221307
-0.215588
-0.209841
-0.204088
-0.198301
-0.192523
-0.186733
-0.180943
-0.175168
-0.169407
-0.163655
-0.157945
-0.152253
-0.146604
-0.141007
-0.135439
-0.129931
-0.124491
-0.119106
-0.113796
-0.108561
-0.103413
-0.0983362
-0.0933609
-0.0884823
-0.0836906
-0.0790132
-0.0744429
-0.0699953
-0.0656639
-0.061448
-0.0573803
-0.0534341
-0.0496245
-0.0459583
-0.0424329
-0.039069
-0.0358583
-0.0327917
-0.0299013
-0.0271684
-0.0245976
-0.0222107
-0.0199836
-0.0179537
-0.0160896
-0.0144157
-0.012929
-0.0116261
-0.0105141
-0.00959879
-0.00887607
-0.00834783
-0.00801868
-0.00790027
-0.0079853
-0.00826536
-0.00876462
-0.00945512
-0.0103627
-0.0114789
-0.0128062
-0.0143434
-0.0160846
-0.0180378
-0.0202175
-0.0225957
-0.0251889
-0.0279931
-0.0310064
-0.0342379
-0.0376769
-0.0413237
-0.0451824
-0.0492381
-0.0535166
-0.0579843
-0.0626624
-0.0675407
-0.0726206
-0.0779
-0.0833811
-0.0890425
-0.0949005
-0.100944
-0.107183
-0.113605
-0.120212
-0.126983
-0.133934
-0.141062
-0.14836
-0.155819
-0.163446
-0.171229
-0.179167
-0.187259
-0.19549
-0.203869
-0.212393
-0.221042
-0.229822
-0.238734
-0.247769
-0.256916
-0.266174
-0.275555
-0.285021
-0.2946
-0.304266
-0.31402
-0.323861
-0.333783
-0.343775
-0.353836
-0.363961
-0.374145
-0.38439
-0.394675
-0.40501
-0.41537
-0.425774
-0.436201
-0.446643
-0.457115
-0.467588
-0.478072
-0.488557
-0.49903
-0.509503
-0.519959
-0.530387
-0.540795
-0.551171
-0.561514
-0.571817
-0.582062
-0.592255
-0.602408
-0.612482
-0.622488
-0.632439
-0.642305
-0.652087
-0.661785
-0.671385
-0.680892
-0.690302
-0.69961
-0.708802
-0.717879
-0.726843
-0.735681
-0.744392
-0.75297
-0.761424
-0.769721
-0.777889
-0.785912
-0.793776
-0.801498
-0.809062
-0.81646
-0.823706
-0.830771
-0.837672
-0.844399
-0.850952
-0.857332
-0.863525
-0.869541
-0.875368
-0.881006
-0.886463
-0.891721
-0.896797
-0.90167
-0.906351
-0.910831
-0.915116
-0.919195
-0.923089
-0.926765
-0.930248
-0.933522
-0.936598
-0.939471
-0.942147
-0.94461
-0.946874
-0.948932
-0.950783
-0.952439
-0.953888
-0.955142
-0.956187
-0.957041
-0.957697
-0.958158
-0.958425
-0.958491
-0.95837
-0.958061
-0.957566
-0.956892
-0.956016
-0.954967
-0.953741
-0.952337
-0.950771
-0.949011
-0.947103
-0.945031
-0.942787
-0.940389
-0.937846
-0.935138
-0.932282
-0.929283
-0.92614
-0.922863
-0.919455
-0.915909
-0.912239
-0.908439
-0.904531
-0.900511
-0.896369
-0.892134
-0.887791
-0.883342
-0.878809
-0.874184
-0.869474
-0.864673
-0.859807
-0.85487
-0.849858
-0.844782
-0.839654
-0.834465
-0.829222
-0.823938
-0.818608
-0.813247
-0.807842
-0.802416
-0.796965
-0.791489
-0.785996
-0.780494
-0.77499
-0.769473
-0.763963
-0.758457
-0.752955
-0.747461
-0.741993
-0.73654
-0.731107
-0.725705
-0.720335
-0.715
-0.709705
-0.704451
-0.699239
-0.694071
-0.688974
-0.683926
-0.678933
-0.673999
-0.669139
-0.66434
-0.659619
-0.65496
-0.650385
-0.645895
-0.641477
-0.637146
-0.63291
-0.628761
-0.624702
-0.620739
-0.616869
-0.613103
-0.609436
-0.605867
-0.602409
-0.599061
-0.595814
-0.592668
-0.58964
-0.586729
-0.58393
-0.581243
-0.578671
-0.576214
-0.573889
-0.571667
-0.569574
-0.567602
-0.565745
-0.564012
-0.562407
-0.560916
-0.55955
-0.558307
-0.557185
-0.556184
-0.555305
-0.554546
-0.55391
-0.553393
-0.552999
-0.552723
-0.552567
-0.552517
-0.552591
-0.552782
-0.553088
-0.5535
-0.55403
-0.554656
-0.555391
-0.556243
-0.557187
-0.55824
-0.559376
-0.56062
-0.561964
-0.563384
-0.5649
-0.566501
-0.568185
-0.569947
-0.57179
-0.573696
-0.575686
-0.577736
-0.579853
-0.582021
-0.584254
-0.58653
-0.588863
-0.591238
-0.59365
-0.596104
-0.598582
-0.601085
-0.603632
-0.606179
-0.608743
-0.611329
-0.613907
-0.6165
-0.619066
-0.621646
-0.6242
-0.626754
-0.629269
-0.631757
-0.634233
-0.636655
-0.639043
-0.641371
-0.643663
-0.645903
-0.64808
-0.650178
-0.652219
-0.654188
-0.656089
-0.657891
-0.659614
-0.661235
-0.662777
-0.664219
-0.665547
-0.666787
-0.667896
-0.668902
-0.669786
-0.670551
-0.67119
-0.671692
-0.672083
-0.672322
-0.672414
-0.67239
-0.672213
-0.671886
-0.671409
-0.670799
-0.670015
-0.669095
-0.668006
-0.666757
-0.665359
-0.663784
-0.662058
-0.660162
-0.658109
-0.655882
-0.653485
-0.65093
-0.64819
-0.645294
-0.64223
-0.638986
-0.635578
-0.632005
-0.628255
-0.624333
-0.620245
-0.615984
-0.611557
-0.606967
-0.6022
-0.597273
-0.592174
-0.586919
-0.581492
-0.57589
-0.570138
-0.564229
-0.558161
-0.551934
-0.545536
-0.538989
-0.532291
-0.525435
-0.518432
-0.511272
-0.50397
-0.496508
-0.488908
-0.481157
-0.473273
-0.465235
-0.457061
-0.448753
-0.440306
-0.431717
-0.422998
-0.414144
-0.405163
-0.396053
-0.386807
-0.377435
-0.367934
-0.358316
-0.348577
-0.338718
-0.328731
-0.31863
-0.308402
-0.298059
-0.287603
-0.277049
-0.266368
-0.255569
-0.244669
-0.233659
-0.222538
-0.211301
-0.199975
-0.188523
-0.17698
-0.165332
-0.153579
-0.141724
-0.129766
-0.117701
-0.105549
-0.0932991
-0.0809381
-0.068482
-0.055938
-0.0432877
-0.0305491
-0.0177207
-0.00478641
0.0082189
0.0213369
0.0345362
0.0478246
0.0612029
0.0746789
0.0882378
0.101874
0.115607
0.129406
0.143293
0.157289
0.17133
0.185467
0.199668
0.213958
0.228312
0.242743
0.257237
0.271799
0.286423
0.301115
0.315867
0.330663
0.345525
0.360431
0.375372
0.390383
0.405391
0.420458
0.435544
0.450675
0.465802
0.480954
0.496093
0.511247
0.526408
0.541531
0.556641
0.571725
0.586766
0.601766
0.616705
0.631573
0.646376
0.661081
0.675685
0.690206
0.704587
0.718812
0.732922
0.746846
0.760594
0.774166
0.787517
0.800642
0.813536
0.82615
0.83849
0.850544
0.862278
0.873682
0.884729
0.895425
0.90568
0.915563
0.924977
0.933955
0.94246
0.950471
0.957929
0.964863
0.971236
0.977026
0.982213
0.986776
0.990676
0.993932
0.996489
0.998373
0.999524
0.999958
0.99963
0.998556
0.996688
0.99407
0.990638
0.986433
0.981413
0.975559
0.968907
0.961451
0.953183
0.944143
0.934247
0.923572
0.912127
0.899903
0.886892
0.87318
0.858694
0.84351
0.827649
0.811104
0.79391
0.776099
0.757699
0.738731
0.719185
0.699194
0.678663
0.657712
0.636339
0.61455
0.592462
0.570034
0.547293
0.524341
0.501149
0.477744
0.454212
0.430541
0.406831
0.383011
0.359168
0.335327
0.311576
0.287862
0.26421
0.24079
0.217461
0.194394
0.171556
0.149074
0.126899
0.10526
0.0841229
0.0636978
0.044327
0.0264133
0.0109508
0
0
0
0
